15 20
1 1 1 1 1 1 1 1 1 2 2 1 1 1 1 1 1 1 1 1
1 1 1 1 1 1 1 1 1 2 2 1 1 1 1 1 1 1 1 1
1 1 1 1 1 1 1 1 1 2 2 1 1 1 1 1 1 1 1 1
1 1 1 1 1 1 1 1 1 2 2 1 1 1 1 1 1 1 1 1
1 1 1 1 1 1 1 1 1 2 2 1 1 1 1 1 1 1 1 1
1 1 1 1 1 1 1 1 1 2 2 1 1 1 1 1 1 1 1 1
1 1 1 1 1 1 1 1 1 2 2 2 2 2 2 2 2 2 2 2
1 1 1 1 1 1 1 1 1 2 2 2 2 2 2 2 2 2 2 2
1 1 1 1 1 1 1 1 1 1 1 1 1 1 1 1 1 1 1 1
1 1 1 1 1 1 1 1 1 1 1 1 1 1 1 1 1 1 1 1
1 1 1 1 1 1 1 1 1 1 1 1 1 1 1 1 1 1 1 1
1 1 1 1 1 1 1 1 1 1 1 1 1 1 1 1 1 1 1 1
1 1 1 1 1 1 1 1 1 1 1 1 1 1 1 1 1 1 1 1
1 1 1 1 1 1 1 1 1 1 1 1 1 1 1 1 1 1 1 1
1 1 1 1 1 1 1 1 1 1 1 1 1 1 1 1 1 1 1 1
400 40 400 560
